0000 0001 4275 6431 0000 1800 0000 0800
0000 1800 0000 100b 0000 0000 0000 0000
0000 0000 0000 0000 0000 0000 0000 0800
0000 0800 0000 0000 0000 0000 0000 0000
0000 0000 0000 0002 0000 0000 0000 0009
0000 0001 0000 1000 0065 6277 7370 626c
6f62 0000 0000 0000 0000 0000 0000 0000
0000 0000 0000 0000 0000 0000 0000 0000
0000 0000 0000 0000 0000 0000 0000 0000
0000 0000 0000 0000 0000 0000 0000 0000
0000 0000 0000 0000 0000 0000 0000 0000
0000 0000 0000 0000 0000 0000 0000 0000
0000 0000 0000 0000 0000 0000 0000 0000
0000 0000 0000 0000 0000 0000 0000 0000
0000 0000 0000 0000 0000 0000 0000 0000
0000 0000 0000 0000 0000 0000 0000 0000
0000 0000 0000 0000 0000 0000 0000 0000
0000 0000 0000 0000 0000 0000 0000 0000
0000 0000 0000 0000 0000 0000 0000 0000
0000 0000 0000 0000 0000 0000 0000 0000
0000 0000 0000 0000 0000 0000 0000 0000
0000 0000 0000 0000 0000 0000 0000 0000
0000 0000 0000 0000 0000 0000 0000 0000
0000 0000 0000 0000 0000 0000 0000 0000
0000 0000 0000 0000 0000 0000 0000 0000
0000 0000 0000 0000 0000 0000 0000 0000
0000 0000 0000 0000 0000 0000 0000 0000
0000 0000 0000 0000 0000 0000 0000 0000
0000 0000 0000 0000 0000 0000 0000 0000
0000 0000 0000 0000 0000 0000 0000 0000
0000 0000 0000 0000 0000 0000 0000 0000
0000 0000 0000 0000 0000 0000 0000 0000
0000 0000 0000 0000 0000 0000 0000 0000
0000 0000 0000 0000 0000 0000 0000 0000
0000 0000 0000 0000 0000 0000 0000 0000
0000 0000 0000 0000 0000 0000 0000 0000
0000 0000 0000 0000 0000 0000 0000 0000
0000 0000 0000 0000 0000 0000 0000 0000
0000 0000 0000 0000 0000 0000 0000 0000
0000 0000 0000 0000 0000 0000 0000 0000
0000 0000 0000 0000 0000 0000 0000 0000
0000 0000 0000 0000 0000 0000 0000 0000
0000 0000 0000 0000 0000 0000 0000 0000
0000 0000 0000 0000 0000 0000 0000 0000
0000 0000 0000 0000 0000 0000 0000 0000
0000 0000 0000 0000 0000 0000 0000 0000
0000 0000 0000 0000 0000 0000 0000 0000
0000 0000 0000 0000 0000 0000 0000 0000
0000 0000 0000 0000 0000 0000 0000 0000
0000 0000 0000 0000 0000 0000 0000 0000
0000 0000 0000 0000 0000 0000 0000 0000
0000 0000 0000 0000 0000 0000 0000 0000
0000 0000 0000 0000 0000 0000 0000 0000
0000 0000 0000 0000 0000 0000 0000 0000
0000 0000 0000 0000 0000 0000 0000 0000
0000 0000 0000 0000 0000 0000 0000 0000
0000 0000 0000 0000 0000 0000 0000 0000
0000 0000 0000 0000 0000 0000 0000 0000
0000 0000 0000 0000 0000 0000 0000 0000
0000 0000 0000 0000 0000 0000 0000 0000
0000 0000 0000 0000 0000 0000 0000 0000
0000 0000 0000 0000 0000 0000 0000 0000
0000 0000 0000 0000 0000 0000 0000 0000
0000 0000 0000 0000 0000 0000 0000 0000
0000 0000 0000 0000 0000 0000 0000 0000
0000 0000 0000 0000 0000 0000 0000 0000
0000 0000 0000 0000 0000 0000 0000 0000
0000 0000 0000 0000 0000 0000 0000 0000
0000 0000 0000 0000 0000 0000 0000 0000
0000 0000 0000 0000 0000 0000 0000 0000
0000 0000 0000 0000 0000 0000 0000 0000
0000 0000 0000 0000 0000 0000 0000 0000
0000 0000 0000 0000 0000 0000 0000 0000
0000 0000 0000 0000 0000 0000 0000 0000
0000 0000 0000 0000 0000 0000 0000 0000
0000 0000 0000 0000 0000 0000 0000 0000
0000 0000 0000 0000 0000 0000 0000 0000
0000 0000 0000 0000 0000 0000 0000 0000
0000 0000 0000 0000 0000 0000 0000 0000
0000 0000 0000 0000 0000 0000 0000 0000
0000 0000 0000 0000 0000 0000 0000 0000
0000 0000 0000 0000 0000 0000 0000 0000
0000 0000 0000 0000 0000 0000 0000 0000
0000 0000 0000 0000 0000 0000 0000 0000
0000 0000 0000 0000 0000 0000 0000 0000
0000 0000 0000 0000 0000 0000 0000 0000
0000 0000 0000 0000 0000 0000 0000 0000
0000 0000 0000 0000 0000 0000 0000 0000
0000 0000 0000 0000 0000 0000 0000 0000
0000 0000 0000 0000 0000 0000 0000 0000
0000 0000 0000 0000 0000 0000 0000 0000
0000 0000 0000 0000 0000 0000 0000 0000
0000 0000 0000 0000 0000 0000 0000 0000
0000 0000 0000 0000 0000 0000 0000 0000
0000 0000 0000 0000 0000 0000 0000 0000
0000 0000 0000 0000 0000 0000 0000 0000
0000 0000 0000 0000 0000 0000 0000 0000
0000 0000 0000 0000 0000 0000 0000 0000
0000 0000 0000 0000 0000 0000 0000 0000
0000 0000 0000 0000 0000 0000 0000 0000
0000 0000 0000 0000 0000 0000 0000 0000
0000 0000 0000 0000 0000 0000 0000 0000
0000 0000 0000 0000 0000 0000 0000 0000
0000 0000 0000 0000 0000 0000 0000 0000
0000 0000 0000 0000 0000 0000 0000 0000
0000 0000 0000 0000 0000 0000 0000 0000
0000 0000 0000 0000 0000 0000 0000 0000
0000 0000 0000 0000 0000 0000 0000 0000
0000 0000 0000 0000 0000 0000 0000 0000
0000 0000 0000 0000 0000 0000 0000 0000
0000 0000 0000 0000 0000 0000 0000 0000
0000 0000 0000 0000 0000 0000 0000 0000
0000 0000 0000 0000 0000 0000 0000 0000
0000 0000 0000 0000 0000 0000 0000 0000
0000 0000 0000 0000 0000 0000 0000 0000
0000 0000 0000 0000 0000 0000 0000 0000
0000 0000 0000 0000 0000 0000 0000 0000
0000 0000 0000 0000 0000 0000 0000 0000
0000 0000 0000 0000 0000 0000 0000 0000
0000 0000 0000 0000 0000 0000 0000 0000
0000 0000 0000 0000 0000 0000 0000 0000
0000 0000 0000 0000 0000 0000 0000 0000
0000 0000 0000 0000 0000 0000 0000 0000
0000 0000 0000 0000 0000 0000 0000 0000
0000 0000 0000 0000 0000 0000 0000 0000
0000 0000 0000 0000 0000 0000 0000 0000
0000 0000 0000 0000 0000 0000 0000 0000
0000 0000 0000 0000 0000 0000 0000 0000
0000 0000 0000 0001 0000 0000 0000 080b
0000 0000 0000 0000 0000 0000 0000 0000
0000 0000 0000 0000 0000 0000 0000 0000
0000 0000 0000 0000 0000 0000 0000 0000
0000 0000 0000 0000 0000 0000 0000 0000
0000 0000 0000 0000 0000 0000 0000 0000
0000 0000 0000 0000 0000 0000 0000 0000
0000 0000 0000 0000 0000 0000 0000 0000
0000 0000 0000 0000 0000 0000 0000 0000
0000 0000 0000 0000 0000 0000 0000 0000
0000 0000 0000 0000 0000 0000 0000 0000
0000 0000 0000 0000 0000 0000 0000 0000
0000 0000 0000 0000 0000 0000 0000 0000
0000 0000 0000 0000 0000 0000 0000 0000
0000 0000 0000 0000 0000 0000 0000 0000
0000 0000 0000 0000 0000 0000 0000 0000
0000 0000 0000 0000 0000 0000 0000 0000
0000 0000 0000 0000 0000 0000 0000 0000
0000 0000 0000 0000 0000 0000 0000 0000
0000 0000 0000 0000 0000 0000 0000 0000
0000 0000 0000 0000 0000 0000 0000 0000
0000 0000 0000 0000 0000 0000 0000 0000
0000 0000 0000 0000 0000 0000 0000 0000
0000 0000 0000 0000 0000 0000 0000 0000
0000 0000 0000 0000 0000 0000 0000 0000
0000 0000 0000 0000 0000 0000 0000 0000
0000 0000 0000 0000 0000 0000 0000 0000
0000 0000 0000 0000 0000 0000 0000 0000
0000 0000 0000 0000 0000 0000 0000 0000
0000 0000 0000 0000 0000 0000 0000 0000
0000 0000 0000 0000 0000 0000 0000 0000
0000 0000 0000 0000 0000 0000 0000 0000
0000 0000 0000 0000 0000 0000 0000 0000
0000 0000 0000 0000 0000 0000 0000 0000
0000 0000 0000 0000 0000 0000 0000 0000
0000 0000 0000 0000 0000 0000 0000 0000
0000 0000 0000 0000 0000 0000 0000 0000
0000 0000 0000 0000 0000 0000 0000 0000
0000 0000 0000 0000 0000 0000 0000 0000
0000 0000 0000 0000 0000 0000 0000 0000
0000 0000 0000 0000 0000 0000 0000 0000
0000 0000 0000 0000 0000 0000 0000 0000
0000 0000 0000 0000 0000 0000 0000 0000
0000 0000 0000 0000 0000 0000 0000 0000
0000 0000 0000 0000 0000 0000 0000 0000
0000 0000 0000 0000 0000 0000 0000 0000
0000 0000 0000 0000 0000 0000 0000 0000
0000 0000 0000 0000 0000 0000 0000 0000
0000 0000 0000 0000 0000 0000 0000 0000
0000 0000 0000 0000 0000 0000 0000 0000
0000 0000 0000 0000 0000 0000 0000 0000
0000 0000 0000 0000 0000 0000 0000 0000
0000 0000 0000 0000 0000 0000 0000 0000
0000 0000 0000 0000 0000 0000 0000 0000
0000 0000 0000 0000 0000 0000 0000 0000
0000 0000 0000 0000 0000 0000 0000 0000
0000 0000 0000 0000 0000 0000 0000 0000
0000 0000 0000 0000 0000 0000 0000 0000
0000 0000 0000 0000 0000 0000 0000 0000
0000 0000 0000 0000 0000 0000 0000 0000
0000 0000 0000 0000 0000 0000 0000 0000
0000 0000 0000 0000 0000 0000 0000 0000
0000 0000 0000 0000 0000 0000 0000 0000
0000 0000 0000 0000 0000 0000 0000 0000
0000 0000 0000 0000 0000 0000 0000 0000
0000 0000 0000 0000 0000 0000 0000 0000
0000 0000 0000 0001 0000 0020 0000 0001
0000 0040 0000 0001 0000 0080 0000 0001
0000 0100 0000 0001 0000 0200 0000 0001
0000 0400 0000 0000 0000 0001 0000 1000
0000 0001 0000 2000 0000 0001 0000 4000
0000 0001 0000 8000 0000 0001 0001 0000
0000 0001 0002 0000 0000 0001 0004 0000
0000 0001 0008 0000 0000 0001 0010 0000
0000 0001 0020 0000 0000 0001 0040 0000
0000 0001 0080 0000 0000 0001 0100 0000
0000 0001 0200 0000 0000 0001 0400 0000
0000 0001 0800 0000 0000 0001 1000 0000
0000 0001 2000 0000 0000 0001 4000 0000
0000 0000 0000 0000 0000 0000 0000 0000
0000 0000 0000 0000 0000 0000 0000 0000
0000 0000 0000 0000 0000 0000 0000 0000
0000 0000 0000 0000 0000 0000 0000 0000
0000 0000 0000 0000 0000 0000 0000 0000
0000 0000 0000 0000 0000 0000 0000 0000
0000 0000 0000 0000 0000 0000 0000 0000
0000 0000 0000 0000 0000 0000 0000 0000
0000 0000 0000 0000 0000 0000 0000 0000
0000 0000 0000 0000 0000 0000 0000 0000
0000 0000 0000 0000 0000 0000 0000 0000
0000 0000 0000 0000 0000 0000 0000 0000
0000 0000 0000 0000 0000 0000 0000 0000
0000 0000 0000 0000 0000 0000 0000 0000
0000 0000 0000 0000 0000 0000 0000 0000
0000 0000 0000 0000 0000 0000 0000 0000
0000 0000 0000 0000 0000 0000 0000 0000
0000 0000 0000 0000 0000 0000 0000 0000
0000 0000 0000 0000 0000 0000 0000 0000
0000 0000 0000 0000 0000 0000 0000 0000
0000 0000 0000 0000 0000 0000 0000 0000
0000 0000 0000 0000 0000 0000 0000 0000
0000 0000 0000 0000 0000 0000 0000 0000
0000 0000 0000 0000 0000 0000 0000 0000
0000 0000 0000 0000 0000 0000 0000 0000
0000 0000 0000 0000 0000 0000 0000 0000
0000 0000 0000 0000 0000 0000 0000 0000
0000 0000 0000 0000 0000 0000 0000 0000
0000 0000 0000 0000 0000 0000 0000 0000
0000 0000 0000 0000 0000 0000 0000 0000
0000 0000 0000 0000 0000 0000 0000 0000
0000 0000 0000 0000 0000 0000 0000 0000
0000 0000 0000 0000 0000 0000 0000 0000
0000 0000 0000 0000 0000 0000 0000 0000
0000 0000 0000 0000 0000 0000 0000 0000
0000 0000 0000 0000 0000 0000 0000 0000
0000 0000 0000 0000 0000 0000 0000 0000
0000 0000 0000 0000 0000 0000 0000 0000
0000 0000 0000 0000 0000 0000 0000 0000
0000 0000 0000 0000 0000 0000 0000 0000
0000 0000 0000 0000 0000 0000 0000 0000
0000 0000 0000 0000 0000 0000 0000 0000
0000 0000 0000 0000 0000 0000 0000 0000
0000 0000 0000 0000 0000 0000 0000 0000
0000 0000 0000 0000 0000 0000 0000 0000
0000 0000 0000 0000 0000 0000 0000 0000
0000 0000 0000 0000 0000 0000 0000 0000
0000 0000 0000 0000 0000 0000 0000 0000
0000 0000 0000 0000 0000 0000 0000 0000
0000 0000 0000 0000 0000 0009 0000 0005
0074 0068 0065 006d 0065 6277 7370 626c
6f62 0000 00c8 6270 6c69 7374 3030 d701
0203 0405 0607 0808 0a08 0a0d 0a5d 5368
6f77 5374 6174 7573 4261 725b 5368 6f77
5061 7468 6261 725b 5368 6f77 546f 6f6c
6261 725b 5368 6f77 5461 6256 6965 775f
1014 436f 6e74 6169 6e65 7253 686f 7753
6964 6562 6172 5c57 696e 646f 7742 6f75
6e64 735b 5368 6f77 5369 6465 6261 7208
0809 0809 5f10 177b 7b34 352c 2035 3333
7d2c 207b 3737 302c 2034 3336 7d7d 0908
1725 313d 4960 6d79 7a7b 7c7d 7e98 0000
0000 0000 0101 0000 0000 0000 000f 0000
0000 0000 0000 0000 0000 0000 0099 0000
0005 0074 0068 0065 006d 0065 6473 636c
626f 6f6c 0000 0000 0500 7400 6800 6500
6d00 656c 6731 5363 6f6d 7000 0000 0000
0270 7e00 0000 0500 7400 6800 6500 6d00
656c 7376 4362 6c6f 6200 0002 af62 706c
6973 7430 30da 0102 0304 0506 0708 090a
0b0c 0d0e 4748 4917 0c4b 5f10 1276 6965
774f 7074 696f 6e73 5665 7273 696f 6e5f
100f 7368 6f77 4963 6f6e 5072 6576 6965
775f 1011 6361 6c63 756c 6174 6541 6c6c
5369 7a65 7357 636f 6c75 6d6e 735f 100f
7363 726f 6c6c 506f 7369 7469 6f6e 5958
7465 7874 5369 7a65 5f10 0f73 6372 6f6c
6c50 6f73 6974 696f 6e58 5a73 6f72 7443
6f6c 756d 6e5f 1010 7573 6552 656c 6174
6976 6544 6174 6573 5869 636f 6e53 697a
6510 0109 08ab 0f18 1d22 262b 3035 3a3e
43d4 1011 1213 0c15 0c17 5776 6973 6962
6c65 5577 6964 7468 5961 7363 656e 6469
6e67 5a69 6465 6e74 6966 6965 7209 1101
2c09 546e 616d 65d4 1311 1210 191a 0d0d
5875 6269 7175 6974 7910 2308 08d4 1011
1213 0c1f 0d21 0910 b508 5c64 6174 654d
6f64 6966 6965 64d4 1011 1213 0d1f 0d25
0808 5b64 6174 6543 7265 6174 6564 d410
1112 130c 280d 2a09 1061 0854 7369 7a65
d410 1112 130c 2d0c 2f09 1073 0954 6b69
6e64 d410 1112 130d 320c 3408 1064 0955
6c61 6265 6cd4 1011 1213 0d37 0c39 0810
4b09 5776 6572 7369 6f6e d410 1112 130d
150c 3d08 0958 636f 6d6d 656e 7473 d410
1112 130d 400d 4208 10c8 085e 6461 7465
4c61 7374 4f70 656e 6564 d413 1112 1044
1f0d 0d59 6461 7465 4164 6465 6408 0823
4014 0000 0000 0000 2340 2800 0000 0000
0023 0000 0000 0000 0000 0923 4030 0000
0000 0000 0008 001d 0032 0044 0058 0060
0072 007b 008d 0098 00ab 00b4 00b6 00b7
00b8 00c4 00cd 00d5 00db 00e5 00f0 00f1
00f4 00f5 00fa 0103 010c 010e 010f 0110
0119 011a 011c 011d 012a 0133 0134 0135
0141 014a 014b 014d 014e 0153 015c 015d
015f 0160 0165 016e 016f 0171 0172 0178
0181 0182 0184 0185 018d 0196 0197 0198
01a1 01aa 01ab 01ad 01ae 01bd 01c6 01d0
01d1 01d2 01db 01e4 01ed 01ee 0000 0000
0000 0201 0000 0000 0000 004c 0000 0000
0000 0000 0000 0000 0000 01f7 0000 0005
0074 0068 0065 006d 0065 6c73 7670 626c
6f62 0000 0294 6270 6c69 7374 3030 da01
0203 0405 0607 0809 0a0b 0c0d 0e46 4748
170c 4a5f 1012 7669 6577 4f70 7469 6f6e
7356 6572 7369 6f6e 5f10 0f73 686f 7749
636f 6e50 7265 7669 6577 5f10 1163 616c
6375 6c61 7465 416c 6c53 697a 6573 5763
6f6c 756d 6e73 5f10 0f73 6372 6f6c 6c50
6f73 6974 696f 6e59 5874 6578 7453 697a
655f 100f 7363 726f 6c6c 506f 7369 7469
6f6e 585a 736f 7274 436f 6c75 6d6e 5f10
1075 7365 5265 6c61 7469 7665 4461 7465
7358 6963 6f6e 5369 7a65 1001 0908 d90f
1011 1213 1415 1617 1821 262a 2e33 383d
4258 636f 6d6d 656e 7473 5e64 6174 654c
6173 744f 7065 6e65 645c 6461 7465 4d6f
6469 6669 6564 5b64 6174 6543 7265 6174
6564 5473 697a 6555 6c61 6265 6c54 6b69
6e64 5776 6572 7369 6f6e 546e 616d 65d4
191a 1b1c 1d1e 0c0d 5569 6e64 6578 5577
6964 7468 5961 7363 656e 6469 6e67 5776
6973 6962 6c65 1007 1101 2c09 08d4 191a
1b1c 2223 0d0d 1008 10c8 0808 d419 1a1b
1c0b 270d 0c10 b508 09d4 191a 1b1c 2b27
0d0d 1002 0808 d419 1a1b 1c2f 300d 0c10
0310 6108 09d4 191a 1b1c 3435 0c0d 1005
1064 0908 d419 1a1b 1c39 3a0c 0c10 0410
7309 09d4 191a 1b1c 3e3f 0c0d 1006 104b
0908 d419 1a1b 1c43 1e0c 0c10 0009 0923
4014 0000 0000 0000 2340 2800 0000 0000
0023 0000 0000 0000 0000 0923 4030 0000
0000 0000 0008 001d 0032 0044 0058 0060
0072 007b 008d 0098 00ab 00b4 00b6 00b7
00b8 00cb 00d4 00e3 00f0 00fc 0101 0107
010c 0114 0119 0122 0128 012e 0138 0140
0142 0145 0146 0147 0150 0152 0154 0155
0156 015f 0161 0162 0163 016c 016e 016f
0170 0179 017b 017d 017e 017f 0188 018a
018c 018d 018e 0197 0199 019b 019c 019d
01a6 01a8 01aa 01ab 01ac 01b5 01b7 01b8
01b9 01c2 01cb 01d4 01d5 0000 0000 0000
0201 0000 0000 0000 004b 0000 0000 0000
0000 0000 0000 0000 01de 0000 0005 0074
0068 0065 006d 0065 6d6f 4444 6475 7463
0000 d272 e5fd 0000 0000 0005 0074 0068
0065 006d 0065 6d6f 6444 6475 7463 0000
d272 e5f8 0000 0000 0005 0074 0068 0065
006d 0065 7068 3153 636f 6d70 0000 0000
0004 2000 0000 0005 0074 0068 0065 006d
0065 7653 726e 6c6f 6e67 0000 0001 0000
0000 0000 0000 0000 0000 0000 0000 0000
0000 0000 0000 0000 0000 0000 0000 0000
0000 0000 0000 0000 0000 0000 0000 0000
0000 0000 0000 0000 0000 0000 0000 0000
0000 0000 0000 0000 0000 0000 0000 0000
0000 0000 0000 0000 0000 0000 0000 0000
0000 0000 0000 0000 0000 0000 0000 0000
0000 0000 0000 0000 0000 0000 0000 0000
0000 0000 0000 0000 0000 0000 0000 0000
0000 0000 0000 0000 0000 0000 0000 0000
0000 0000 0000 0000 0000 0000 0000 0000
0000 0000 0000 0000 0000 0000 0000 0000
0000 0000 0000 0000 0000 0000 0000 0000
0000 0000 0000 0000 0000 0000 0000 0000
0000 0000 0000 0000 0000 0000 0000 0000
0000 0000 0000 0003 0000 0000 0000 180b
0000 0045 0000 100b 0000 0000 0000 0000
0000 0000 0000 0000 0000 0000 0000 0000
0000 0000 0000 0000 0000 0000 0000 0000
0000 0000 0000 0000 0000 0000 0000 0000
0000 0000 0000 0000 0000 0000 0000 0000
0000 0000 0000 0000 0000 0000 0000 0000
0000 0000 0000 0000 0000 0000 0000 0000
0000 0000 0000 0000 0000 0000 0000 0000
0000 0000 0000 0000 0000 0000 0000 0000
0000 0000 0000 0000 0000 0000 0000 0000
0000 0000 0000 0000 0000 0000 0000 0000
0000 0000 0000 0000 0000 0000 0000 0000
0000 0000 0000 0000 0000 0000 0000 0000
0000 0000 0000 0000 0000 0000 0000 0000
0000 0000 0000 0000 0000 0000 0000 0000
0000 0000 0000 0000 0000 0000 0000 0000
0000 0000 0000 0000 0000 0000 0000 0000
0000 0000 0000 0000 0000 0000 0000 0000
0000 0000 0000 0000 0000 0000 0000 0000
0000 0000 0000 0000 0000 0000 0000 0000
0000 0000 0000 0000 0000 0000 0000 0000
0000 0000 0000 0000 0000 0000 0000 0000
0000 0000 0000 0000 0000 0000 0000 0000
0000 0000 0000 0000 0000 0000 0000 0000
0000 0000 0000 0000 0000 0000 0000 0000
0000 0000 0000 0000 0000 0000 0000 0000
0000 0000 0000 0000 0000 0000 0000 0000
0000 0000 0000 0000 0000 0000 0000 0000
0000 0000 0000 0000 0000 0000 0000 0000
0000 0000 0000 0000 0000 0000 0000 0000
0000 0000 0000 0000 0000 0000 0000 0000
0000 0000 0000 0000 0000 0000 0000 0000
0000 0000 0000 0000 0000 0000 0000 0000
0000 0000 0000 0000 0000 0000 0000 0000
0000 0000 0000 0000 0000 0000 0000 0000
0000 0000 0000 0000 0000 0000 0000 0000
0000 0000 0000 0000 0000 0000 0000 0000
0000 0000 0000 0000 0000 0000 0000 0000
0000 0000 0000 0000 0000 0000 0000 0000
0000 0000 0000 0000 0000 0000 0000 0000
0000 0000 0000 0000 0000 0000 0000 0000
0000 0000 0000 0000 0000 0000 0000 0000
0000 0000 0000 0000 0000 0000 0000 0000
0000 0000 0000 0000 0000 0000 0000 0000
0000 0000 0000 0000 0000 0000 0000 0000
0000 0000 0000 0000 0000 0000 0000 0000
0000 0000 0000 0000 0000 0000 0000 0000
0000 0000 0000 0000 0000 0000 0000 0000
0000 0000 0000 0000 0000 0000 0000 0000
0000 0000 0000 0000 0000 0000 0000 0000
0000 0000 0000 0000 0000 0000 0000 0000
0000 0000 0000 0000 0000 0000 0000 0000
0000 0000 0000 0000 0000 0000 0000 0000
0000 0000 0000 0000 0000 0000 0000 0000
0000 0000 0000 0000 0000 0000 0000 0000
0000 0000 0000 0000 0000 0000 0000 0000
0000 0000 0000 0000 0000 0000 0000 0000
0000 0000 0000 0000 0000 0000 0000 0000
0000 0000 0000 0000 0000 0000 0000 0000
0000 0000 0000 0000 0000 0000 0000 0000
0000 0000 0000 0000 0000 0000 0000 0000
0000 0000 0000 0000 0000 0000 0000 0000
0000 0000 0000 0000 0000 0000 0000 0000
0000 0000 0000 0000 0000 0000 0000 0001
0444 5344 4200 0000 0100 0000 0000 0000
0000 0000 0000 0000 0000 0000 0000 0000
0200 0000 2000 0000 6000 0000 0000 0000
0100 0000 8000 0000 0100 0001 0000 0000
0100 0002 0000 0000 0100 0004 0000 0000
0100 0008 0000 0000 0000 0000 0100 0020
0000 0000 0100 0040 0000 0000 0100 0080
0000 0000 0100 0100 0000 0000 0100 0200
0000 0000 0100 0400 0000 0000 0100 0800
0000 0000 0100 1000 0000 0000 0100 2000
0000 0000 0100 4000 0000 0000 0100 8000
0000 0000 0101 0000 0000 0000 0102 0000
0000 0000 0104 0000 0000 0000 0108 0000
0000 0000 0110 0000 0000 0000 0120 0000
0000 0000 0140 0000 0000 0000 0065 6174
6564 5473 697a 6555 6c61 6265 6c54 6b69
6e64 5776 6572 7369 6f6e 546e 616d 65d4
191a 1b1c 1d1e 0c0d 5569 6e64 6578 5577
6964 7468 5961 7363 656e 6469 6e67 5776
6973 6962 6c65 1007 1101 2c09 08d4 191a
1b1c 2223 0d0d 1008 10c8 0808 d419 1a1b
1c0b 270d 0c10 b508 09d4 191a 1b1c 2b27
0d0d 1002 0808 d419 1a1b 1c2f 300d 0c10
0310 6108 09d4 191a 1b1c 3435 0c0d 1005
1064 0908 d419 1a1b 1c39 3a0c 0c10 0410
7309 09d4 191a 1b1c 3e3f 0c0d 1006 104b
0908 d419 1a1b 1c43 1e0c 0c10 0009 0923
4014 0000 0000 0000 2340 2800 0000 0000
0023 0000 0000 0000 0000 0923 4030 0000
0000 0000 0008 001d 0032 0044 0058 0060
0072 007b 008d 0098 00ab 00b4 00b6 00b7
00b8 00cb 00d4 00e3 00f0 00fc 0101 0107
010c 0114 0119 0122 0128 012e 0138 0140
0142 0145 0146 0147 0150 0152 0154 0155
0156 015f 0161 0162 0163 016c 016e 016f
0170 0179 017b 017d 017e 017f 0188 018a
018c 018d 018e 0197 0199 019b 019c 019d
01a6 01a8 01aa 01ab 01ac 01b5 01b7 01b8
01b9 01c2 01cb 01d4 01d5 0000 0000 0000
0201 0000 0000 0000 004b 0000 0000 0000
0000 0000 0000 0000 01de 0000 0005 0074
0068 0065 006d 0065 6d6f 4444 6475 7463
0000 d272 e5fd 0000 0000 0005 0074 0068
0065 006d 0065 6d6f 6444 6475 7463 0000
d272 e5f8 0000 0000 0005 0074 0068 0065
006d 0065 7068 3153 636f 6d70 0000 0000
0004 2000 0000 0005 0074 0068 0065 006d
0065 7653 726e 6c6f 6e67 0000 0001 0000
0000 0000 0000 0000 0000 0000 0000 0000
0000 0000 0000 0000 0000 0000 0000 0000
0000 0000 0000 0000 0000 0000 0000 0000
0000 0000 0000 0000 0000 0000 0000 0000
0000 0000 0000 0000 0000 0000 0000 0000
0000 0000 0000 0000 0000 0000 0000 0000
0000 0000 0000 0000 0000 0000 0000 0000
0000 0000 0000 0000 0000 0000 0000 0000
0000 0000 0000 0000 0000 0000 0000 0000
0000 0000 0000 0000 0000 0000 0000 0000
0000 0000 0000 0000 0000 0000 0000 0000
0000 0000 0000 0000 0000 0000 0000 0000
0000 0000 0000 0000 0000 0000 0000 0000
0000 0000 0000 0000 0000 0000 0000 0000
0000 0000 0000 0000 0000 0000 0000 0000
0000 0000 
